best number classification = 5
inertia=392933.1154556643
best_k_knns = [1, 2, 3, 4, 5, 6, 7, 8, 9, 10, 11, 12, 13, 14, 15, 16, 17, 18, 19]
max accuracy =0.9055
best labeling = ['B', 'B', 'A', 'B', 'A']
centers =
[  0.67366084  11.07623694  -1.97131722   2.06181677   3.83036222
  -2.3593561   -4.61712838  -8.50245661 -11.83182809   3.81738895]
[  2.63718502  -3.3204145   -3.84321444   3.19400959 -10.82464839
  12.77881932   4.58430001   6.17198582  -1.35448253  -4.203166  ]
[  1.63420809   5.10859813   1.46517395  -7.05867495 -17.66040105
  -1.56542255  -0.90079764   0.87762924   0.45197119   2.27059001]
[-16.83291729   2.06701402  -0.04270791  -2.1787471   -3.09873179
  -1.85866257  -0.59261761   6.8574655   -4.69850974  -5.03046506]
[-4.37055196  7.12363189 -2.9476115  -2.33879164 15.86605721  4.19974928
  0.52208583 -6.49525043  2.0920342   0.70838833]
labels file =informations/best_classification/train_classification.csv
